											sum
AAPL	0.02012	0.0158	0.00773	0.00653	0.00167	0.00075	0.00039	0.00027	0.00026	0.00025	0.05377
ACN	0.0361	0.02833	0.02644	0.02218	0.01699	0.01681	0.01619	0.01283	0.01257	0.01214	0.20058
ADBE	0.14198	0.0555	0.05547	0.01536	0.01526	0.01425	0.01031	0.01007	0.00967	0.00844	0.33631
ADP	0.0274	0.02319	0.01581	0.01302	0.0099	0.00902	0.0089	0.00876	0.00866	0.00845	0.13311
AFL	0.49454	0.39719	0.1563	0.06747	0.04537	0.01726	0.01315	0.01241	0.01122	0.00919	1.2241
AGFS	0.06667	0.06667	0.06667	0	0	0	0	0	0	0	0.20001
AHS	0.86215	0.14982	0.13786	0.12364	0.1201	0.11012	0.10784	0.07712	0.05818	0.02206	1.76889
AINV	0.10256	0.0507	0.01901	0.0169	0.01267	0.00844	0.00729	0.00634	0.00634	0.00054	0.23079
AIRM	6.95979	0.40104	0.2166	0.19236	0.18821	0.17987	0.17302	0.16126	0.08832	0.07729	8.63776
ALGN	3.62057	2.94659	0.80453	0.28847	0.17483	0.17319	0.15624	0.12488	0.08799	0.05108	8.42837
ALNY	0.36899	0.31667	0.14896	0.03083	0.01055	0.00415	0.00238	0.00237	0.00119	0.00012	0.88621
ALV	0.08843	0.02013	0.00943	0.00806	0.00739	0.0048	0.00426	0.00382	0.00355	0.00344	0.15331
AMBA	2.53518	0.30701	0.14801	0.11456	0.09713	0.07376	0.02557	0.02427	0.01551	0.01551	3.35651
AMCX	4.56795	2.80034	2.59464	2.48121	1.61885	1.45244	1.413	0.17472	0.04907	0.02891	17.18113
AMRC	47.24748	3.51939	3.43954	2.36226	1.07486	0.52957	0.43901	0.21497	0.15589	0.10542	59.08839
AMT	0.04016	0.02263	0.02181	0.0181	0.01052	0.00891	0.00533	0.00498	0.00428	0.00279	0.13951
AMTD	8.17933	0.2182	0.16757	0.08246	0.06652	0.06109	0.05289	0.04099	0.03106	0.02745	8.92756
AMZN	17.94298	0.02334	0.01872	0.01369	0.01326	0.01224	0.01223	0.00835	0.00702	0.0068	18.05863
ANET	19.03427	12.93788	10.18681	2.87114	0.65075	0.19224	0.11023	0.07516	0.00073	0	46.05921
ANTM	0.0343	0.02667	0.01898	0.01511	0.01369	0.01365	0.01031	0.00889	0.00826	0.00668	0.15654
AP	0.54341	0.1151	0.09308	0.09052	0.0787	0.07397	0.0739	0.0739	0.0739	0.06561	1.28209
APEI	2.32916	0.40958	0.28959	0.23204	0.21189	0.20751	0.11318	0.10223	0.08612	0.08121	4.06251
APOG	0.82934	0.67198	0.40131	0.12541	0.10263	0.09545	0.08949	0.08272	0.08143	0.07448	2.55424
ARLP	0.96632	0.10881	0.10752	0.06266	0.04914	0.04793	0.0469	0.0426	0.02489	0.01281	1.46958
ASR	0.17826	0.12005	0.05418	0.03677	0.03623	0.02218	0.01838	0.00591	0.00218	0.00218	0.47632
ATHN	1.16783	0.10591	0.08623	0.0605	0.05797	0.05119	0.02219	0.02032	0.01825	0.01714	1.60753
ATVI	0.62701	0.19818	0.04792	0.03737	0.03573	0.03559	0.02397	0.01587	0.01463	0.01427	1.05054
ATW	0.26198	0.09527	0.08348	0.06755	0.05311	0.05267	0.03523	0.03315	0.02989	0.02934	0.74167
AVAV	10.01042	1.33295	0.18253	0.18199	0.17111	0.11771	0.08812	0.08585	0.08527	0.07938	12.33533
AWAY	0.21961	0.14894	0.14503	0.12885	0.0983	0.09672	0.06948	0.04977	0.04948	0.01595	1.02213
AXP	0.09372	0.023	0.01835	0.0113	0.00738	0.007	0.00607	0.00469	0.0041	0.004	0.17961
AZZ	1.95834	0.21998	0.19227	0.18531	0.16895	0.15583	0.12646	0.11054	0.05885	0.0291	3.20563
BABY	1.58673	0.4276	0.40019	0.31402	0.26852	0.22853	0.18779	0.15441	0.04092	0	3.60871
BAC	0.0182	0.00865	0.0074	0.00457	0.00457	0.00452	0.00413	0.00412	0.0041	0.00347	0.06373
BAMXF	15.95552	15.40533	11.554	0	0	0	0	0	0	0	42.91485
BAX	0.09753	0.0149	0.00915	0.00876	0.00855	0.00781	0.0077	0.00716	0.00599	0.00529	0.17284
BBBY	1.30243	1.04654	0.32039	0.08528	0.07351	0.06888	0.01574	0.01544	0.0141	0.00965	2.95196
BBEP	0.52553	0.16741	0.14803	0.1422	0.12027	0.04757	0.03967	0.03607	0.03462	0.02908	1.29045
BCPC	0.47023	0.23542	0.17369	0.1417	0.11181	0.10604	0.10076	0.09517	0.05762	0.05514	1.54758
BID	0.29218	0.25508	0.2283	0.06481	0.04971	0.04317	0.04131	0.04057	0.03598	0.02955	1.08066
BIDU	20.47288	0	0	0	0	0	0	0	0	0	20.47288
BIG	0.25257	0.19981	0.16925	0.07219	0.04934	0.04686	0.04568	0.03801	0.03081	0.02619	0.93071
BIP	0.01861	0.00825	0.00805	0.00585	0.00331	0.00181	0.00122	0.00071	0	0	0.04781
BJRI	5.26623	0.2141	0.13342	0.11275	0.11035	0.10871	0.09927	0.06229	0.05796	0.03154	6.19662
BKE	33.37989	6.06347	0.56689	0.32153	0.2566	0.20472	0.15815	0.13136	0.07569	0.07409	41.23239
BKS	14.15641	4.54887	0.76041	0.3061	0.24023	0.11198	0.07203	0.07088	0.06067	0.05295	20.38053
BLKB	0.22446	0.12783	0.11402	0.11169	0.1045	0.05323	0.05298	0.04802	0.03698	0.03018	0.90389
BLUE	0.71211	0.24981	0.05229	0.01485	0.0033	0.00156	0.00028	0	0	0	1.0342
BLX	0.24256	0.14333	0.10876	0.07731	0.05749	0.04231	0.02828	0.0077	0.0059	0.00068	0.71432
BMRN	0.16154	0.08025	0.04543	0.04217	0.02221	0.02043	0.01761	0.01637	0.01575	0.01403	0.43579
BNED	0	0	0	0	0	0	0	0	0	0	0
BNS	(Capability Needed)	(Capability Needed)	(Capability Needed)	(Capability Needed)	(Capability Needed)	(Capability Needed)	(Capability Needed)	(Capability Needed)	(Capability Needed)	(Capability Needed)	0
BOBE	0.23542	0.16694	0.14588	0.10072	0.06975	0.06002	0.0585	0.04804	0.04072	0.03401	0.96
BOBE  151218P00055000	(Invalid Identifier)	(Invalid Identifier)	(Invalid Identifier)	(Invalid Identifier)	(Invalid Identifier)	(Invalid Identifier)	(Invalid Identifier)	(Invalid Identifier)	(Invalid Identifier)	(Invalid Identifier)	0
BOFI	3.03616	2.71615	1.42276	0.69893	0.35115	0.19118	0.14919	0.0758	0.05231	0.04862	8.74225
BOOM	1.77284	1.14306	0.70457	0.69266	0.22875	0.18527	0.18174	0.1785	0.15147	0.14756	5.38642
BRK.B	18.77451	1.0775	0.2984	0.06931	0.04746	0.01911	0.00608	0.00608	0.0017	0.00043	20.30058
BWA	0.11981	0.05382	0.05286	0.03679	0.02887	0.02867	0.02437	0.01951	0.01942	0.01916	0.40328
BWLD	0.3184	0.15897	0.14087	0.07915	0.07826	0.07772	0.05297	0.04302	0.04198	0.02942	1.02076
CABO	17.35185	0.25193	0.0907	0	0	0	0	0	0	0	17.69448
CAMP	1.25185	0.89008	0.46699	0.29186	0.27648	0.25501	0.15792	0.04611	0.04257	0.01755	3.69642
CASY	0.25244	0.20818	0.07261	0.06071	0.0485	0.04457	0.04286	0.04081	0.03511	0.03134	0.83713
CBOE	0.34041	0.12351	0.09065	0.08571	0.08135	0.07479	0.01832	0.01832	0.01832	0.01832	0.8697
CCU	0	0	0	0	0	0	0	0	0	0	0
CELG	0.15446	0.01827	0.01481	0.01119	0.01081	0.00841	0.00827	0.00701	0.003	0.00277	0.239
CERN	6.56234	4.2102	0.12067	0.0568	0.04905	0.03502	0.03147	0.01801	0.01596	0.0141	11.11362
CGNX	4.62584	0.17741	0.01291	0.00229	0.00034	0	0	0	0	0	4.81879
CHEF	14.81147	10.29539	0.58354	0.56613	0.33041	0.25813	0.19133	0.05812	0.05055	0.04071	27.18578
CHKP	13.80324	11.73038	0	0	0	0	0	0	0	0	25.53362
CHL	(Capability Needed)	(Capability Needed)	(Capability Needed)	(Capability Needed)	(Capability Needed)	(Capability Needed)	(Capability Needed)	(Capability Needed)	(Capability Needed)	(Capability Needed)	0
CHRW	0.13502	0.09439	0.0812	0.06078	0.04478	0.0422	0.02566	0.02318	0.0218	0.01691	0.54592
CHUY	1.26975	1.26974	0.07141	0.03138	0.01056	0.00585	0.00366	0.00361	0.00131	0.00131	2.66858
CLB	0.71208	0.38559	0.23318	0.10266	0.09956	0.0486	0.0281	0.01987	0.01501	0.00981	1.65446
CLDX	0.04454	0.03402	0.02499	0.02225	0.02217	0.01879	0.01879	0.01611	0.00863	0.0085	0.21879
CLNE	20.04035	0.71813	0.41642	0.32504	0.25299	0.18117	0.11421	0.07501	0.07252	0.0664	22.26224
CMG	0.63195	0.49694	0.23137	0.09782	0.02231	0.01477	0.01357	0.00963	0.00889	0.00499	1.53224
CMI	0.06457	0.02294	0.02217	0.02129	0.01835	0.01769	0.01575	0.01258	0.01257	0.01253	0.22044
CMP	0.0836	0.08122	0.05815	0.02867	0.01966	0.01577	0.01506	0.00998	0.00774	0.00234	0.32219
CMPR	5.48332	0.6347	0.23418	0.11901	0.10801	0.08799	0.07698	0.07604	0.07402	0.04461	6.93886
CNI	(Capability Needed)	(Capability Needed)	(Capability Needed)	(Capability Needed)	(Capability Needed)	(Capability Needed)	(Capability Needed)	(Capability Needed)	(Capability Needed)	(Capability Needed)	0
COH	0.73332	0.03205	0.02996	0.02497	0.00989	0.00963	0.0061	0.00584	0.00524	0.00486	0.86186
COST	0.38616	0.11743	0.05683	0.05673	0.03462	0.02334	0.02064	0.01926	0.017	0.01478	0.74679
CPA	0	0	0	0	0	0	0	0	0	0	0
CPRT	6.99579	1.25569	0.19865	0.17202	0.0645	0.00974	0.00848	0.00449	0.00435	0.00185	8.71556
CRI	0.90383	0.18843	0.13859	0.13814	0.13602	0.09666	0.0853	0.07412	0.05259	0.0509	1.86458
CRM	5.74526	0.31561	0.02847	0.02001	0.01329	0.01102	0.00897	0.00797	0.00548	0.00419	6.16027
CROX	0.91117	0.71699	0.11964	0.10962	0.1056	0.10023	0.08347	0.06394	0.02092	0.01314	2.24472
CRTO	6.21308	3.19903	2.41292	1.06948	0.96569	0	0	0	0	0	13.8602
CRUS	0.1768	0.05578	0.04791	0.03934	0.03577	0.02867	0.02533	0.01725	0.0143	0.01299	0.45414
CSCO	0.03629	0.00899	0.00701	0.00446	0.00358	0.00345	0.00299	0.0026	0.00238	0.00191	0.07366
CSGP	1.01148	0.90628	0.49199	0.38168	0.12772	0.07501	0.07269	0.05062	0.03427	0.01193	3.16367
CSTE	0	0	0	0	0	0	0	0	0	0	0
CSX	0.0745	0.04736	0.03446	0.03335	0.02252	0.01869	0.01735	0.01353	0.01009	0.00983	0.28168
CTAS	17.07555	2.67056	0.15918	0.10712	0.08253	0.06525	0.02894	0.00909	0.00811	0.00698	20.21331
CTRE	2.08411	0.30242	0.24605	0.03854	0.03667	0.0354	0.01993	0	0	0	2.76312
CTRP	1.21131	0.97289	0.82361	0	0	0	0	0	0	0	3.00781
CTSH	0.15637	0.10366	0.06984	0.06105	0.04908	0.01415	0.01245	0.01223	0.00822	0.00733	0.49438
CVS	0.0458	0.01773	0.01129	0.0101	0.0081	0.00731	0.00662	0.00564	0.00549	0.00431	0.12239
CVT	10.346	6.64266	2.63919	1.93277	1.60462	1.59548	0.39867	0.39099	0.0231	0.02157	25.59505
CVX	0.01076	0.00536	0.00525	0.00221	0.00162	0.00157	0.00131	0.00129	0.00125	0.00105	0.03167
CWT	0.13142	0.12633	0.12616	0.11485	0.08854	0.06938	0.06126	0.06013	0.04859	0.04796	0.87462
CY	2.60516	0.33832	0.29699	0.24369	0.09441	0.09074	0.07795	0.0758	0.0523	0.04441	3.91977
D	0.17586	0.05396	0.02628	0.02437	0.02394	0.01227	0.00991	0.00812	0.00697	0.00632	0.348
DAR	0.72166	0.21813	0.1215	0.07941	0.06151	0.0574	0.04045	0.03751	0.0344	0.02434	1.39631
DASTY	6.17201	1.09125	0.03241	0.00081	0.00046	0.00024	0.0002	0.00012	0.00008	0	7.29758
DDD	2.15293	1.45735	0.39045	0.36297	0.18247	0.17442	0.11155	0.06967	0.05367	0.04472	5.0002
DECK	0.49173	0.30272	0.16279	0.15161	0.13934	0.12598	0.07913	0.0523	0.03542	0.03541	1.57643
DEO	0.13315	0.02768	0.0106	0.0073	0.00689	0.00676	0.00653	0.00421	0.00374	0.00317	0.21003
DGI	0.30887	0.21572	0.09025	0.08619	0.08502	0.08474	0.05738	0.04337	0.03787	0.03567	1.04508
DIS	7.67238	0.06818	0.015	0.00863	0.00683	0.00627	0.00189	0.00181	0.00176	0.00172	7.78447
DISCK	3.1348	0.31364	0.12104	0.10307	0.03786	0.02217	0.00861	0.00455	0.00416	0.00355	3.75345
DLB	36.62002	0.08534	0.05686	0.04815	0.03736	0.03409	0.03291	0.02983	0.02657	0.01986	36.99099
DLX	0.5138	0.11609	0.09346	0.08078	0.07445	0.06162	0.06045	0.05461	0.05174	0.04702	1.15402
DNOW	0.81139	0.39245	0.12293	0.09464	0.07012	0.03278	0.00825	0.00825	0.00825	0.00825	1.55731
DORM	12.23512	0.33574	0.21804	0.16692	0.08994	0.04344	0.04043	0.02813	0.0153	0.01047	13.18353
DPM	0.03091	0.02219	0.02074	0.01825	0.01406	0.01307	0.00985	0.00932	0.00907	0.00907	0.15653
DVN	5.0832	0.31726	0.14132	0.04191	0.03693	0.03425	0.0298	0.02683	0.02491	0.01961	5.75602
DW	0.76628	0.62888	0.53368	0.45393	0.28599	0.13191	0.12197	0.05401	0.01306	0.00876	2.99847
DWA	10.28249	6.03082	0.71099	0.21669	0.12831	0.08782	0.07359	0.07171	0.0337	0.03081	17.66693
DWSN	3.22291	1.58328	0.60492	0.53067	0.30401	0.20361	0.16558	0.148	0.13603	0.11702	7.01603
EBAY	7.88108	0.06763	0.04298	0.04257	0.02057	0.01854	0.01488	0.01125	0.01055	0.00648	8.11653
EBS	4.88937	0.2138	0.10709	0.08365	0.079	0.0743	0.04319	0.0385	0.0385	0.01711	5.58451
ECOL	0.21761	0.15372	0.1114	0.09318	0.06842	0.0554	0.02789	0.01902	0.01385	0.01385	0.77434
EDU	15.97208	0	0	0	0	0	0	0	0	0	15.97208
EEFT	3.87057	0.22636	0.1353	0.11695	0.08409	0.06911	0.06562	0.0329	0.03012	0.02999	4.66101
EEP	0.00641	0.00558	0.00241	0.00223	0.00112	0.00112	0.00061	0.00042	0.00016	0	0.02006
ELLI	1.71806	0.90762	0.61662	0.24538	0.19729	0.18152	0.12976	0.03188	0.02699	0.02144	4.07656
EMR	0.32897	0.12203	0.04507	0.03776	0.03756	0.02344	0.02008	0.01207	0.00787	0.00506	0.63991
ENOC	3.95826	3.92958	0.93896	0.8159	0.36153	0.32645	0.29837	0.26357	0.13965	0.11849	11.15076
EPAM	5.40255	0.03093	0.03093	0.0224	0.01636	0.01022	0.00818	0.00749	0.00217	0	5.53123
EPD	0.51149	0.09119	0.07868	0.06156	0.04472	0.0285	0.01965	0.00925	0.00876	0.00772	0.86152
EQC	2.18654	0.32342	0.06117	0.06117	0.0583	0.05286	0.03876	0.03161	0.02602	0.01092	2.85077
EQIX	0.27886	0.11738	0.09234	0.07543	0.02918	0.02781	0.01719	0.01453	0.01151	0.00659	0.67082
ERJ	0	0	0	0	0	0	0	0	0	0	0
ESRX	0.13344	0.01492	0.00704	0.0066	0.0059	0.00584	0.00384	0.00361	0.00354	0.00309	0.18782
EXEL	5.78548	0.66516	0.59056	0.17648	0.09354	0.0597	0.05482	0.04131	0.02925	0.02446	7.52076
F	0.28291	0.24615	0.19056	0.16627	0.1558	0.1029	0.02389	0.01193	0.01192	0.01155	1.20388
FAF	2.40978	0.95504	0.38387	0.12033	0.07699	0.0745	0.05025	0.03147	0.0249	0.0157	4.14283
FB	15.17864	2.45198	1.8955	1.74105	0.18965	0.07635	0.05978	0.0251	0.02446	0.02374	21.66625
FDS	1.87773	0.06236	0.05111	0.03544	0.01978	0.01767	0.01004	0.00889	0.00446	0.00294	2.09042
FDX	6.91606	0.07545	0.07162	0.03323	0.02477	0.02117	0.01791	0.01744	0.01664	0.01224	7.20653
FEIC	0.08511	0.06287	0.03883	0.03883	0.03101	0.03071	0.0268	0.02547	0.02133	0.01598	0.37694
FEYE	5.21302	2.06275	1.62574	0.70389	0.42631	0.17028	0.12052	0.09299	0.06579	0.0301	10.51139
FFNW	9.36297	0.82738	0.51539	0.50852	0.35278	0.29008	0.23551	0.13057	0.03281	0.01718	12.27319
FII	3.31124	2.84567	0.86709	0.55494	0.51056	0.33173	0.15728	0.05468	0.03713	0.03045	8.70077
FISI	2.96574	0.60154	0.28286	0.24007	0.18543	0.1416	0.13166	0.11567	0.10706	0.10474	4.87637
FIVE	1.18548	1.02023	0.50659	0.31137	0.09367	0.02958	0.01318	0.00497	0.00497	0.00417	3.17421
FLO	3.88125	3.73832	1.71533	1.20266	0.35899	0.28057	0.15696	0.14576	0.13875	0.1028	11.72139
FORM	0.32482	0.25218	0.13541	0.08611	0.06888	0.06544	0.06544	0.04843	0	0	1.04671
FOSL	12.60314	0.93982	0.04099	0.03068	0.02712	0.01963	0.01961	0.01485	0.01212	0.01182	13.71978
FTD	0.31588	0.13041	0.11022	0.10063	0.07333	0.07333	0.05361	0.05241	0.04848	0.03504	0.99334
FTI	0.15752	0.15377	0.07848	0.06384	0.06193	0.05556	0.05089	0.05089	0.04815	0.04352	0.76455
GBX	6.56703	0.34079	0.15091	0.1207	0.11981	0.09795	0.09161	0.07596	0.07383	0.07159	7.71018
GCI	0	0	0	0	0	0	0	0	0	0	0
GEOS	1.68865	0.37591	0.24338	0.1472	0.08785	0.07606	0.06232	0.04563	0.01103	0.01046	2.74849
GES	12.5952	10.86786	0.20045	0.09998	0.08328	0.04365	0.03073	0.0175	0.01318	0	23.95183
GHC	17.38115	2.92943	0.42287	0.25235	0.14014	0.09086	0.08571	0.06857	0.051	0.02829	21.45037
GHDX	0.94688	0.71659	0.26121	0.21524	0.11844	0.04378	0.03099	0.02402	0.02394	0.01956	2.40065
GILD	0.28612	0.15793	0.06986	0.05686	0.00947	0.00871	0.00612	0.00323	0.0031	0.00301	0.60441
GLW	0.05744	0.02244	0.01194	0.01111	0.01031	0.00861	0.00822	0.00721	0.00655	0.00612	0.14995
GM	2.17251	0.01064	0.00918	0.0065	0.00427	0.00324	0.00278	0.00232	0.00204	0.00179	2.21527
GMCR	4.93098	0.19726	0.07495	0.0584	0.038	0.0236	0.01494	0.01102	0.01068	0.00725	5.36708
GNCMA	5.34934	4.53317	4.53317	1.93078	1.46745	1.38641	0.91772	0.59477	0.29771	0.24213	21.25265
GNRC	0.9906	0.20969	0.11417	0.10467	0.05851	0.05032	0.04893	0.04204	0.03624	0.03159	1.68676
GNTX	2.50915	0.04762	0.02234	0.01326	0.00941	0.00916	0.0076	0.00591	0.00544	0.00435	2.63424
GOOG	6.40204	6.25575	0.36501	0.32158	0.042	0.00731	0.00573	0.00209	0.00163	0.00152	13.40466
GOOGL	6.40204	6.25575	0.36501	0.32158	0.042	0.00731	0.00573	0.00209	0.00163	0.00152	13.40466
GPRO	29.95136	3.95603	0.2061	0.09333	0.04645	0.04183	0.01478	0.01229	0.00402	0.00098	34.32717
GPT	1.06056	0.29606	0.08834	0.0831	0.07432	0.07323	0.03776	0.03647	0.01243	0.00174	1.76401
GTLS	0.82916	0.0845	0.08164	0.0332	0.02443	0.02431	0.01794	0.01703	0.01091	0.01027	1.13339
GWR	1.48818	0.68899	0.35388	0.19755	0.14559	0.079	0.07754	0.06592	0.06505	0.03198	3.19368
H	45.06769	7.27831	0.97881	0.28106	0.1169	0.09662	0.09429	0.06395	0.04806	0.03502	54.06071
HAIN	1.67711	0.12056	0.11975	0.05747	0.04756	0.04643	0.03788	0.02476	0.02027	0.01329	2.16508
HAL	0.07027	0.03478	0.03362	0.0223	0.02127	0.02037	0.01885	0.01836	0.01132	0.009	0.26014
HAS	8.70197	0.42244	0.32371	0.05196	0.05127	0.04732	0.0445	0.02562	0.02544	0.02462	9.71885
HCN	0.10981	0.02715	0.02515	0.02495	0.02479	0.01801	0.01765	0.01534	0.01488	0.01285	0.29058
HD	0.05811	0.0449	0.01481	0.00936	0.00513	0.00326	0.00296	0.00281	0.00276	0.00274	0.14684
HEI	8.28971	3.42151	1.28262	1.11274	0.46761	0.1288	0.02947	0.0155	0.0129	0.01129	14.77215
HHC	0.08887	0.07555	0.06629	0.04448	0.04303	0.04223	0.04157	0.03768	0.0302	0.0278	0.4977
HPY	1.55499	1.43371	0.28067	0.15791	0.12754	0.07591	0.06484	0.05245	0.03495	0.02132	3.80429
HTZ	0.5576	0.03787	0.03083	0.0256	0.02273	0.01834	0.01718	0.01614	0.01503	0.01156	0.75288
HY	20.23752	10.86081	4.16988	2.40326	2.12997	1.86282	1.62532	1.09833	0.86055	0.71852	45.96698
IBKR	1.96286	1.28068	0.97865	0.3122	0.27504	0.10175	0.01991	0.00685	0.0042	0	4.94214
ICE	1.02201	0.05574	0.03787	0.02536	0.01961	0.01738	0.01413	0.01155	0.00909	0.00688	1.21962
IDXX	1.05529	0.08362	0.05832	0.02752	0.02196	0.01522	0.01001	0.00806	0.00652	0.00635	1.29287
IIVI	9.71113	2.69414	1.28987	0.27446	0.18979	0.04841	0.04602	0.04391	0.04383	0.04208	14.38364
ILMN	0.49163	0.29785	0.06423	0.03475	0.03156	0.02893	0.02856	0.0122	0.00933	0.00912	1.00816
IMAX	11.84464	1.31607	0.79616	0.3662	0.19532	0.09432	0.0874	0.05806	0.02526	0.0186	14.80203
IMGN	0.16454	0.12399	0.03743	0.02901	0.02448	0.00441	0	0	0	0	0.38386
INFN	0.62452	0.56709	0.06707	0.0515	0.04292	0.02323	0.01932	0.01807	0.01682	0.01551	1.44605
ININ	17.18494	1.04842	0.60416	0.36202	0.30293	0.15388	0.09282	0.03566	0.03017	0.02702	19.84202
INTC	0.01205	0.00947	0.00727	0.00429	0.00305	0.00268	0.00217	0.00172	0.00158	0.00156	0.04584
INTU	4.79628	0.11246	0.05068	0.03047	0.0065	0.00605	0.00571	0.0054	0.00318	0.00194	5.01867
INVN	0.31887	0.02934	0.02616	0.02175	0.01047	0.00308	0.00199	0	0	0	0.41166
IPGP	1.69147	0.49379	0.1332	0.07614	0.04294	0.02987	0.02801	0.02201	0.02125	0.02108	2.55976
IRBT	1.72076	0.80637	0.27725	0.21283	0.13134	0.0776	0.0653	0.05789	0.05165	0.04907	3.45006
IRDM	13.07326	0.49792	0.40536	0.15839	0.15712	0.09636	0.0821	0.05991	0.05348	0.04691	14.63081
ISIS	0.61926	0.05172	0.02645	0.0068	0.00611	0.00523	0.00471	0.00403	0.00364	0.00338	0.73133
ISRG	0.91253	0.16302	0.01345	0.00868	0.00598	0.00547	0.0054	0.00458	0.00366	0.00347	1.12624
IT	1.42057	1.26378	0.15027	0.0891	0.08299	0.07072	0.06395	0.06043	0.05753	0.03577	3.29511
ITC	1.43905	0.11827	0.10078	0.07156	0.06959	0.02183	0.02007	0.01774	0.01591	0.01507	1.88987
ITW	2.96575	0.75981	0.74134	0.01663	0.01592	0.01218	0.00673	0.00627	0.00554	0.00516	4.53533
JASN	17.81872	0.62817	0.45232	0.44442	0.24465	0.17689	0.1175	0.11368	0.07188	0.06821	20.13644
JBT	0.76054	0.24055	0.23778	0.20538	0.17518	0.16171	0.15153	0.15003	0.14622	0.12784	2.35676
JLL	0.11468	0.11283	0.0962	0.06096	0.05465	0.04411	0.0281	0.02472	0.01671	0.01566	0.56862
JNJ	0.00414	0.00358	0.00341	0.00322	0.00266	0.00118	0.00099	0.00086	0.00071	0.00069	0.02144
JOBS	21.94147	3.03744	0	0	0	0	0	0	0	0	24.97891
JUNO	2.982	1.0577	1.02597	0.87549	0.27359	0.16416	0.15868	0.14026	0.10944	0.08208	6.86937
JWN	10.3743	2.88742	1.41059	1.3981	1.36283	0.39447	0.39018	0.03919	0.02883	0.0262	18.31211
KMB	0.17488	0.03289	0.02188	0.02009	0.01489	0.01129	0.00964	0.00827	0.00717	0.00658	0.30758
KMI	11.18856	1.30206	0.4362	0.34304	0.10671	0.0945	0.05136	0.02613	0.02263	0.01627	13.58746
KMX	0.25797	0.08126	0.03813	0.02837	0.02437	0.02112	0.01687	0.01544	0.01531	0.01507	0.51391
KNDI	27.6248	1.26347	0.07473	0.07473	0.00854	0	0	0	0	0	29.04627
KO	0.27672	0.26263	0.09195	0.05422	0.01514	0.0086	0.00753	0.00608	0.00458	0.00425	0.7317
L	5.51619	4.90683	4.24408	4.06421	2.36925	0.00458	0.00269	0.00162	0.00162	0.0016	21.11267
LBTYK	2.54925	0.23125	0.13763	0.1164	0.11137	0.08541	0.07783	0.05705	0.0565	0.04012	3.46281
LDL	0.80416	0.4621	0.40692	0.29175	0.25909	0.21372	0.17911	0.15701	0.14366	0.13468	3.0522
LF	4.33626	1.12599	0.76472	0.73715	0.53016	0.27692	0.19527	0.16067	0.10019	0.05523	8.28256
LFUS	0.2973	0.20984	0.12433	0.116	0.11387	0.08831	0.08239	0.0762	0.07567	0.06132	1.24523
LGF	2.97457	1.07453	0.85021	0.18247	0.16142	0.0979	0.08761	0.07195	0.0572	0.03896	5.59682
LILAK	0	0	0	0	0	0	0	0	0	0	0
LKQ	0.2836	0.14912	0.12468	0.08375	0.08109	0.06956	0.06539	0.06007	0.05629	0.03842	1.01197
LL	2.2488	0.1991	0.19559	0.13842	0.11158	0.10748	0.06904	0.05174	0.03218	0.02624	3.18017
LLTC	0.22277	0.20608	0.18781	0.17774	0.05345	0.04869	0.0478	0.0459	0.03906	0.03644	1.06574
LNKD	11.50316	0.53318	0.14619	0.11104	0.0676	0.03609	0.0314	0.02694	0.01035	0.00516	12.47111
LOCK	1.068	0.5191	0.30303	0.14906	0.09223	0.04674	0.02782	0.02782	0.02155	0.01856	2.27391
LPSN	8.31534	0.17528	0.01052	0.01052	0.01025	0	0	0	0	0	8.52191
LQDT	17.39173	1.95968	0.10927	0.08055	0.06901	0.04544	0.03253	0.01842	0.01804	0.01187	19.73654
LUK	6.27144	3.07341	1.432	0.05568	0.02746	0.02451	0.01482	0.0135	0.01176	0.0082	10.93278
LULU	6.91407	0.05962	0.02191	0.01764	0.01452	0.01425	0.00991	0.0071	0.00695	0.00651	7.07248
MA	0.02089	0.01009	0.00497	0.00442	0.00437	0.00417	0.00411	0.00381	0.0038	0.0036	0.06423
MANH	0.1829	0.16843	0.15651	0.11497	0.10083	0.09829	0.06914	0.06913	0.04397	0.03165	1.03582
MANT	35.1313	0.05332	0.0456	0.04527	0.04527	0.02397	0.01702	0.01598	0.00799	0.00054	35.38626
MCK	0.25575	0.03135	0.01608	0.00771	0.00356	0.001	0.00091	0.00035	0.00034	0.00017	0.31722
MELI	0.21063	0.05012	0.04164	0.02345	0.01403	0.00811	0.00533	0.00178	0	0	0.35509
MG	39.7751	0.72513	0.58772	0.21341	0.15738	0.10592	0.09018	0.06545	0.04671	0.04058	41.80758
MGRC	5.19117	1.48388	0.17079	0.14956	0.12558	0.09491	0.09159	0.08961	0.06066	0.05195	7.5097
MHLD	11.84446	5.0701	2.31431	0.47338	0.27227	0.24986	0.08849	0.07447	0.0497	0.02985	20.46689
MIDD	0.98284	0.42506	0.15644	0.08839	0.08417	0.06088	0.05669	0.03053	0.02425	0.00436	1.91361
MINI	0.29177	0.23764	0.1756	0.10718	0.10249	0.08884	0.07228	0.05927	0.05601	0.03284	1.22392
MKC	0.79246	0.18946	0.0809	0.0489	0.04656	0.03968	0.03956	0.03711	0.03374	0.03261	1.34098
MKL	1.17224	0.81512	0.23628	0.1661	0.14686	0.07571	0.0581	0.04171	0.04042	0.03884	2.79138
MKTX	2.92616	0.13968	0.11885	0.10974	0.09244	0.08348	0.06546	0.0476	0.01551	0.01551	3.61443
MMP	0.09584	0.07443	0.04072	0.02675	0.0252	0.01344	0.01144	0.00989	0.00965	0.00801	0.31537
MNST	0.88324	0.77712	0.12922	0.009	0.00749	0.0063	0.00238	0.00157	0	0	1.81632
MNTA	0.8219	0.58168	0.21552	0.17627	0.15844	0.14869	0.10342	0.05835	0.02244	0.01981	2.30652
MOD	6.97987	0.62941	0.38271	0.17786	0.16225	0.13789	0.13269	0.09777	0.09556	0.08194	8.87795
MOG.A	0.48931	0.19893	0.13894	0.12812	0.09941	0.07606	0.06341	0.05391	0.05163	0.04748	1.3472
MOV	8.92769	2.42391	1.4429	1.13917	0.13002	0.12014	0.11935	0.10333	0.09095	0.06068	14.55814
MRH	(Capability Needed)	(Capability Needed)	(Capability Needed)	(Capability Needed)	(Capability Needed)	(Capability Needed)	(Capability Needed)	(Capability Needed)	(Capability Needed)	(Capability Needed)	0
MSA	16.15823	9.32976	0.53553	0.15758	0.15387	0.11914	0.11568	0.11144	0.09985	0.08113	26.86221
MSFT	4.16674	2.79343	0.01151	0.00838	0.00752	0.00564	0.00394	0.00324	0.00289	0.00267	7.00596
MSM	13.06447	4.15916	2.53486	1.79297	0.25886	0.05378	0.0291	0.02736	0.02581	0.02489	21.97126
MSTR	17.70089	0.02963	0.0264	0.00528	0.00176	0.00053	0	0	0	0	17.76449
MTH	3.87799	0.53715	0.1536	0.14372	0.13615	0.12985	0.12355	0.09783	0.09329	0.0735	5.36663
MTN	0.7518	0.16374	0.07729	0.05446	0.05083	0.04214	0.03322	0.02747	0.02628	0.01659	1.24382
MTZ	13.12049	6.40288	0.20071	0.11885	0.11349	0.07882	0.06769	0.04249	0.02838	0.02396	20.19776
N	40.65866	4.28448	2.91568	2.81541	1.14292	0.26678	0.08851	0.0313	0.01269	0.01211	52.22854
NATI	10.34032	1.61163	0.06658	0.06002	0.0576	0.03761	0.02422	0.01876	0.00593	0.00396	12.22663
NCR	0.25821	0.05884	0.03901	0.03851	0.03647	0.03041	0.01869	0.01765	0.01666	0.01591	0.53036
NDAQ	0.12413	0.10183	0.05652	0.03763	0.03435	0.03149	0.03125	0.0286	0.02569	0.02523	0.49672
NDSN	2.76638	2.30138	0.05766	0.0546	0.05392	0.05032	0.03879	0.03476	0.03196	0.03012	5.41989
NFLX	1.53088	0.11303	0.10099	0.01315	0.01053	0.00859	0.00826	0.00307	0	0	1.7885
NGG	0.07146	0.04536	0.03147	0.01716	0.0136	0.00213	0.00094	0.00039	0.00016	0.00013	0.1828
NILE	1.16847	0.59847	0.13018	0.12082	0.1078	0.08421	0.08228	0.08006	0.05757	0.04858	2.47844
NKE	3.93081	0.05284	0.03656	0.02107	0.01959	0.01162	0.00494	0.00364	0.00308	0.0027	4.08685
NOV	0.03467	0.01866	0.01472	0.01264	0.01228	0.01185	0.01011	0.01006	0.00816	0.00309	0.13624
NSAM	0.87855	0.48596	0.36688	0.11644	0.08036	0.04992	0.02508	0.02299	0.02135	0.01808	2.06561
NSH	19.27268	0.1349	0.11472	0.06827	0.04756	0.03209	0.01555	0.00297	0.00297	0.00285	19.69456
NTES	44.55298	0	0	0	0	0	0	0	0	0	44.55298
NTGR	1.08259	0.75382	0.2068	0.19089	0.13236	0.09627	0.08361	0.07636	0.04478	0.04223	2.70971
NUAN	0.714	0.12952	0.10749	0.08197	0.04142	0.03721	0.03059	0.02145	0.02112	0.02103	1.2058
NUE	0.07108	0.06649	0.05061	0.04817	0.04702	0.01725	0.01096	0.00946	0.00891	0.00456	0.33451
NUVA	0.67097	0.28773	0.22986	0.18899	0.1386	0.11462	0.11407	0.0344	0.0318	0.02737	1.83841
NVDA	4.02619	0.38644	0.28898	0.15743	0.06082	0.0569	0.03517	0.03083	0.01781	0.01042	5.07099
NXPI	1.46813	0.04233	0.0122	0.0122	0.0109	0.0109	0.00073	0.00046	0	0	1.55785
NXTM	1.38644	0.18938	0.18053	0.15984	0.15504	0.11128	0.10618	0.09453	0.03751	0.02923	2.44996
OA	0.20123	0.14493	0.12977	0.097	0.0756	0.06346	0.06255	0.0462	0.03409	0.03236	0.88719
OAK	0.04171	0.02135	0.01326	0.0128	0.0041	0.00377	0.00377	0.00209	0.00067	0.00057	0.10409
OCN	14.25312	0.83698	0.32817	0.22174	0.02756	0.01933	0.01589	0.01574	0.01276	0.00976	15.74105
OGS	0.5133	0.19262	0.13248	0.12972	0.06608	0.03272	0.02933	0.01884	0.01016	0.01016	1.13541
OII	0.28433	0.09709	0.06212	0.06146	0.05846	0.05045	0.03898	0.03623	0.03413	0.02886	0.75211
OKE	0.52424	0.12113	0.08044	0.03581	0.02505	0.01897	0.01836	0.01562	0.013	0.01133	0.86395
OKS	0.02935	0.00794	0.00783	0.00368	0.00157	0.00078	0.00011	0	0	0	0.05126
OLED	3.40336	1.34863	1.28419	0.87222	0.58603	0.42686	0.26189	0.21971	0.2056	0.10453	8.71302
OMC	0.38259	0.06234	0.04392	0.01696	0.01035	0.0102	0.00691	0.00646	0.00586	0.00504	0.55063
ORAN	0.0022	0.0009	0.00038	0.00025	0.0002	0.0001	0.00007	0.00004	0.00004	0.00004	0.00422
OTEX	1.43643	0.15809	0.08918	0.06131	0.0428	0.01962	0.00767	0.0067	0.00572	0.00501	1.83253
P	0.44545	0.42726	0.25665	0.21214	0.20908	0.1424	0.07969	0.06245	0.05521	0.04852	1.93885
PAC	(Capability Needed)	(Capability Needed)	(Capability Needed)	(Capability Needed)	(Capability Needed)	(Capability Needed)	(Capability Needed)	(Capability Needed)	(Capability Needed)	(Capability Needed)	0
PACB	2.41397	0.22019	0.09546	0.04348	0.0243	0	0	0	0	0	2.7974
PANW	2.75274	0.41457	0.14075	0.08634	0.02844	0.0209	0.02063	0.0187	0.01708	0.00974	3.50989
PCAR	1.28345	0.64264	0.02596	0.01899	0.01627	0.0144	0.00797	0.00748	0.00713	0.00632	2.03061
PCLN	0.2761	0.034	0.02942	0.01834	0.01752	0.01717	0.00767	0.00734	0.00637	0.00482	0.41875
PCP	0.16428	0.02254	0.01461	0.0102	0.00784	0.00442	0.00146	0.00109	0.00073	0.00045	0.22762
PEB	1.18655	0.21414	0.08257	0.03758	0.02177	0.0191	0.01752	0.01288	0.0079	0	1.60001
PEGA	51.72842	1.03224	0.18508	0.08517	0.05532	0.04502	0.03952	0.03948	0.02277	0.01315	53.24617
PEP	0.07725	0.05063	0.03546	0.01555	0.01081	0.00941	0.00872	0.00846	0.00839	0.00598	0.23066
PERY	11.00466	8.48084	2.50884	0.75206	0.67042	0.32024	0.32024	0.27886	0.21466	0.20885	24.75967
PG	0.03101	0.00563	0.00483	0.00466	0.00431	0.00346	0.00319	0.00303	0.00224	0.00223	0.06459
PGR	0.18357	0.0566	0.05074	0.05072	0.04894	0.0424	0.03038	0.02551	0.02245	0.01286	0.52417
PII	0.37768	0.25826	0.21168	0.08879	0.07559	0.06791	0.04643	0.0445	0.04136	0.01611	1.22831
PLAY	9.86529	0.41473	0.27617	0.12541	0.07813	0.07462	0.04805	0.01684	0	0	10.89924
PLCM	0.09475	0.08964	0.08919	0.07562	0.06917	0.06096	0.02684	0.02499	0.02362	0.01687	0.57165
PLKI	0.97092	0.18069	0.17393	0.15987	0.15427	0.09447	0.07528	0.04194	0.04081	0.02959	1.92177
PLOW	1.29756	0.52618	0.27873	0.19658	0.1076	0.08467	0.06511	0.06185	0.05366	0.04468	2.71662
PNRA	4.62367	0.60545	0.0855	0.06142	0.06018	0.05605	0.04756	0.04608	0.03383	0.02579	5.64553
PNY	0.27752	0.1217	0.10371	0.08725	0.0826	0.07998	0.06647	0.06028	0.04733	0.04503	0.97187
PODD	0.1474	0.10038	0.08736	0.08456	0.05548	0.04229	0.03938	0.03811	0.03084	0.02996	0.65576
POST	0.67402	0.22883	0.07293	0.04964	0.04207	0.03793	0.03078	0.01769	0.0031	0.00182	1.15881
PRAA	0.56564	0.33187	0.15202	0.1178	0.1175	0.09585	0.07955	0.07198	0.07133	0.06434	1.66788
PRLB	9.9608	0.06145	0.03799	0.02735	0.02719	0.01628	0.01569	0.01022	0.00925	0.00901	10.17523
PSMT	9.43706	0.53925	0.25937	0.08941	0.08744	0.08548	0.08304	0.0822	0.07473	0.05694	10.79492
PYPL	0.02509	0.00647	0.00428	0.0042	0.00158	0.00115	0.00055	0.00034	0.00034	0.00032	0.04432
QCOM	0.07263	0.02441	0.0188	0.01018	0.00779	0.00372	0.00335	0.00329	0.00307	0.0028	0.15004
QGEN	1.57082	0.91482	0.00914	0.00645	0.00637	0.00059	0	0	0	0	2.50819
QLIK	0.97336	0.08034	0.05858	0.05502	0.04293	0.0406	0.0261	0.02301	0.01484	0.01128	1.32606
RAVN	0.644	0.32358	0.10389	0.08166	0.06257	0.05828	0.05111	0.0384	0.03769	0.02159	1.42277
RAX	14.64	0.29262	0.12498	0.04349	0.03109	0.03065	0.02294	0.01706	0.01347	0.00861	15.22491
RCI	4.20005	3.08691	2.04202	1.63683	1.14409	1.09252	1.06102	1.04183	1.03135	1.02489	17.36151
RH	5.84305	0.41564	0.12096	0.07626	0.06018	0.01849	0.00907	0.00525	0	0	6.5489
RHI	1.01835	0.92229	0.55908	0.30605	0.27686	0.10951	0.08215	0.05082	0.03416	0	3.35927
RKUS	3.21655	0.59866	0.56442	0.03446	0.01077	0.00981	0.00719	0	0	0	4.44186
RNET	0.40986	0.32765	0.2192	0.12094	0.11727	0.09604	0.09038	0.08594	0.0609	0.0579	1.58608
ROIC	1.13369	0.29309	0.25792	0.15724	0.09258	0.08995	0.08131	0.06457	0.05428	0.04328	2.26791
ROLL	2.97348	0.48548	0.31971	0.20016	0.19851	0.12513	0.09189	0.08388	0.04513	0.03683	4.5602
RPM	0.77621	0.29155	0.16771	0.08526	0.08209	0.07649	0.0758	0.04595	0.03511	0.03434	1.67051
RPXC	1.80858	0.39022	0.1961	0.15478	0.10312	0.09576	0.08864	0.06959	0.04307	0.04106	2.99092
RSG	0.08047	0.01106	0.00851	0.0053	0.00308	0.00299	0.00288	0.00237	0.00237	0.00119	0.12022
RST	1.59206	0.66686	0.47569	0.24304	0.23405	0.19143	0.06028	0.05163	0.04167	0.03145	3.58816
RSTI	4.5747	1.4026	0.55749	0.17044	0.15624	0.12783	0.12673	0.10653	0.06782	0.04971	7.34009
SAFT	2.93462	1.11335	0.62946	0.62646	0.55313	0.29045	0.2588	0.14577	0.08913	0.0762	6.71737
SALE	8.3274	0.64454	0.16547	0.06907	0.06709	0.03374	0.03374	0.03374	0.03286	0.02583	9.43348
SAM	28.82454	0.38301	0.1253	0.08138	0.05257	0.0363	0.0306	0.02538	0.01898	0.00782	29.58588
SAVE	0.23534	0.0892	0.05614	0.03627	0.01526	0.00874	0.00799	0.0075	0.007	0.00671	0.47015
SBS	31.10538	9.4913	9.34166	4.31397	0.34078	0	0	0	0	0	54.59309
SBUX	2.55875	0.03348	0.02453	0.01165	0.00974	0.00644	0.00456	0.00436	0.00434	0.00255	2.6604
SCTY	21.27795	2.33377	2.30885	0.78011	0.30575	0.29628	0.22604	0.11566	0.11053	0.06727	27.82221
SDRL	7.19159	0	0	0	0	0	0	0	0	0	7.19159
SE	0.03374	0.02147	0.017	0.01545	0.01319	0.01099	0.00968	0.008	0.00762	0.00695	0.14409
SGEN	0.3732	0.10264	0.09358	0.08578	0.08577	0.02644	0.02553	0.02413	0.01658	0.01389	0.84754
SHW	0.55881	0.1178	0.10203	0.09513	0.06601	0.03948	0.03359	0.02816	0.01955	0.01758	1.07814
SINA	0.32685	0	0	0	0	0	0	0	0	0	0.32685
SJI	0.14343	0.10011	0.069	0.06426	0.05992	0.05332	0.04558	0.04319	0.03844	0.02846	0.64571
SKUL	6.48798	3.38261	0.23837	0.23629	0.23189	0.19426	0.16497	0.15323	0.11111	0.06525	11.26596
SLAB	3.82408	1.54842	0.51552	0.22459	0.16028	0.1552	0.13964	0.13261	0.04789	0.03371	6.78194
SLCA	0.07371	0.05095	0.04268	0.03005	0.02987	0.0261	0.02499	0.01455	0.01231	0.0117	0.31691
SNCR	5.10805	1.52725	0.64695	0.19178	0.10759	0.10081	0.09363	0.0789	0.07345	0.05685	7.98526
SNHY	1.99655	1.41287	1.04014	0.19294	0.18748	0.18129	0.12689	0.10949	0.10635	0.08053	5.43453
SNI	3.05387	2.13498	2.13053	2.02627	1.9789	1.68249	1.63231	1.48434	1.35584	1.27891	18.75844
SO	0.0067	0.0065	0.00509	0.00409	0.00172	0.00172	0.00145	0.00142	0.00135	0.00127	0.03131
SODA	0.39631	0	0	0	0	0	0	0	0	0	0.39631
SOHU	1.81877	0.74588	0.1866	0.09073	0.07738	0.0624	0.0292	0	0	0	3.01096
SPLK	1.14205	0.2705	0.20358	0.12769	0.12338	0.11822	0.10938	0.05896	0.04001	0.02158	2.21535
SRCL	0.88623	0.24421	0.03131	0.01736	0.01058	0.01019	0.00632	0.00486	0.00428	0.0006	1.21594
SSL	(Capability Needed)	(Capability Needed)	(Capability Needed)	(Capability Needed)	(Capability Needed)	(Capability Needed)	(Capability Needed)	(Capability Needed)	(Capability Needed)	(Capability Needed)	0
SSNC	15.72995	0.01551	0.01344	0.01034	0.01034	0.00776	0.00362	0	0	0	15.79096
SSTK	44.49245	0.39753	0.21545	0.10402	0.02195	0.01273	0.00834	0.00556	0.00556	0.00556	45.26915
SSW	38.2604	7.12612	6.39882	2.3542	0.12067	0.08186	0.06237	0.04875	0.0435	0.02592	54.52261
SSYS	1.39482	1.01307	0.41734	0.33727	0.07851	0.00166	0.00049	0	0	0	3.24316
STAG	0.08826	0.05818	0.04199	0.04109	0.0273	0.02335	0.0198	0.01522	0.01469	0.01006	0.33994
STMP	5.13136	4.16503	0.2737	0.07142	0.04288	0.03622	0.00907	0.00578	0.00436	0.00367	9.74349
STO	0.24714	0.03957	0.00992	0.00892	0.00695	0.00609	0.0051	0.00398	0.00393	0.00347	0.33507
STON	0.5703	0.41346	0.3202	0.13406	0.13121	0.05015	0.04901	0.0396	0.00196	0.00158	1.71153
STRZA	6.73915	1.79425	0.2881	0.08488	0.05719	0.04911	0.04662	0.03208	0.02251	0.01707	9.13096
SVU	0.2467	0.09768	0.0818	0.0758	0.06528	0.04016	0.02899	0.02094	0.02067	0.0195	0.69752
SWIR	0.99829	0.14688	0.1252	0.0898	0.08719	0.08447	0.07371	0.04628	0.0433	0.0266	1.72172
SWKS	0.07848	0.04111	0.03307	0.03293	0.02985	0.02874	0.02508	0.02219	0.01862	0.01733	0.3274
SZYM	4.40183	3.78986	3.00039	0.47709	0.2858	0.14897	0.02951	0.02498	0.00974	0.00749	12.17566
TCS	3.38057	3.30051	0.50919	0.07362	0.05966	0.01459	0.01355	0.01355	0.01042	0.01042	7.38608
TDC	0.16693	0.07046	0.06573	0.05341	0.05319	0.04952	0.04551	0.04267	0.03797	0.03351	0.6189
TDG	0.31307	0.11271	0.05575	0.05018	0.04988	0.02778	0.02534	0.0244	0.01877	0.01738	0.69526
TEVA	1.71724	0	0	0	0	0	0	0	0	0	1.71724
TEX	1.44353	0.41237	0.27278	0.22188	0.19654	0.17945	0.17271	0.14702	0.12987	0.10482	3.28097
TFSL	0.10763	0.05569	0.03801	0.02916	0.02844	0.02503	0.02503	0.0247	0.02362	0.02316	0.38047
TGH	2.60522	1.76665	0.25511	0.23147	0.22128	0.11665	0.01876	0.01237	0.00877	0.0071	5.24338
TGNA	0.15685	0.0286	0.02744	0.0266	0.017	0.01649	0.01267	0.01214	0.01201	0.00859	0.31839
TILE	0.84592	0.29521	0.28695	0.18432	0.15206	0.14267	0.12651	0.11538	0.09875	0.08286	2.33063
TLK	2.75979	0.21742	0	0	0	0	0	0	0	0	2.97721
TNC	0.69864	0.20498	0.18573	0.14005	0.11962	0.11605	0.11605	0.09844	0.06984	0.06709	1.81649
TOT	2.66149	1.69355	0.49839	0.35097	0.27088	0.19311	0.15822	0.1268	0.12435	0.11248	6.19024
TREX	0.52488	0.25738	0.20534	0.18762	0.07552	0.05353	0.03148	0.02454	0.02106	0.02106	1.40241
TRIP	0.18336	0.01554	0.0072	0.0072	0.0072	0.0072	0.00472	0.00472	0.00408	0.00383	0.24505
TRUE 	2.24949	0.46828	0.27092	0.17236	0.17144	0.12975	0.10815	0.10749	0.08831	0.05801	3.8242
TSLA	22.37959	0.16456	0.12051	0.10672	0.03451	0.00575	0.00514	0.00465	0.00465	0.00211	22.82819
TTS	12.71369	9.06258	2.43717	1.06485	0.59259	0.37036	0.13279	0.09743	0	0	26.47146
TTWO	0.61375	0.47008	0.13993	0.07707	0.03874	0.03338	0.01599	0.01062	0	0	1.39956
TUBE	5.1934	4.45979	2.20556	1.29503	0.41769	0.13427	0.05243	0.03689	0.02961	0.01958	13.84425
TUMI	2.51367	1.32121	0.04018	0.03635	0.00393	0.00393	0.00393	0.00074	0	0	3.92394
TWI	1.71423	1.35513	0.65023	0.20443	0.09292	0.07673	0.06505	0.05157	0.04182	0	4.25211
TWTR	6.9159	3.24971	0.6703	0.66703	0.19134	0.16006	0.14907	0.12969	0.12934	0.08624	12.34868
TXRH	8.68822	0.48963	0.13986	0.13917	0.09509	0.08699	0.07337	0.06102	0.01821	0.01452	9.80608
UA	16.58916	0.08068	0.04637	0.03802	0.0244	0.02371	0.02325	0.02167	0.02048	0.01906	16.8868
UBNT	65.1064	4.00052	0.29607	0.02962	0.0039	0	0	0	0	0	69.43651
UGI	0.24786	0.19179	0.08696	0.06179	0.04418	0.02889	0.01989	0.01698	0.01519	0.01447	0.728
UHAL	19.44999	17.63887	9.52102	7.26483	7.02483	1.70468	0.0306	0.01663	0.01207	0.01144	62.67496
UL	0.0741	0.0665	0.06255	0.005	0.00082	0.00061	0.00051	0.00041	0.00037	0.00036	0.21123
ULTA	0.77375	0.69562	0.13918	0.12874	0.05406	0.0259	0.00951	0.00685	0.0059	0.00512	1.84463
ULTI	1.12861	0.45036	0.42314	0.36112	0.28551	0.26917	0.19015	0.09213	0.08747	0.04817	3.33583
UNH	0.88268	0.31157	0.22838	0.09958	0.04922	0.01259	0.00565	0.00507	0.00358	0.00105	1.59937
UPL	0.85277	0.53029	0.03272	0.03269	0.02536	0.02024	0.0195	0.01595	0.01543	0	1.54495
UPS	0.03905	0.02039	0.01752	0.01125	0.01053	0.01033	0.00865	0.00628	0.00509	0.00483	0.13392
URBN	22.05839	2.06039	0.84098	0.41582	0.20467	0.0718	0.07024	0.02533	0.01148	0.00285	25.76195
USLM	0.64278	0.4196	0.17782	0.12766	0.09527	0.04779	0	0	0	0	1.51092
V	0.01697	0.01388	0.01176	0.00731	0.00697	0.00626	0.00589	0.00496	0.00465	0.00406	0.08271
VEEV	10.02584	9.03274	8.9037	3.66623	3.50629	1.83489	1.20432	1.17699	0.83496	0.38755	40.57351
VEOEY	0.00665	0.00294	0.00056	0.00056	0.0004	0.00031	0.00022	0.00018	0.00017	0.00015	0.01214
VMW	0.06571	0.04877	0.03519	0.03343	0.01695	0.00885	0.00829	0.00644	0.0064	0.00472	0.23475
VRTX	0.19697	0.10247	0.05224	0.05052	0.04116	0.03511	0.03069	0.02964	0.01774	0.01413	0.57067
VRX	(Capability Needed)	(Capability Needed)	(Capability Needed)	(Capability Needed)	(Capability Needed)	(Capability Needed)	(Capability Needed)	(Capability Needed)	(Capability Needed)	(Capability Needed)	0
VZ	0.00777	0.00178	0.00167	0.00143	0.00141	0.00138	0.00134	0.00125	0.00107	0.00097	0.02007
WAB	1.41421	0.56936	0.47732	0.14639	0.13586	0.12392	0.08522	0.07419	0.06742	0.05364	3.14753
WD	5.11403	3.49158	1.13523	0.39041	0.32936	0.21607	0.10516	0.08303	0.07933	0.06866	11.01286
WEC	0.04568	0.02218	0.01658	0.01092	0.00992	0.00799	0.00712	0.00571	0.00372	0.00355	0.13337
WETF	10.29123	4.66002	0.60978	0.38456	0.26002	0.18761	0.11843	0.11426	0.09797	0.08039	16.80427
WFC	0.03049	0.01623	0.01041	0.00974	0.00694	0.00586	0.00421	0.00408	0.00405	0.00353	0.09554
WFM	0.27329	0.25047	0.06654	0.05227	0.04608	0.04608	0.03987	0.02378	0.01925	0.01421	0.83184
WGO	0.32184	0.18605	0.14166	0.10754	0.09916	0.09161	0.08725	0.0716	0.07068	0.06983	1.24722
WPRT	14.16424	1.65466	0.20154	0.10707	0.09949	0.09037	0.08244	0.07879	0.06393	0.03983	16.58236
WSM	6.684	0.54364	0.36925	0.08226	0.0493	0.0428	0.03916	0.02881	0.02808	0.02522	7.89252
WSO	8.64782	0.74259	0.32384	0.29209	0.08495	0.04684	0.03931	0.02305	0.01627	0.01627	10.23303
WTR	0.05518	0.05094	0.04985	0.04071	0.03233	0.02689	0.01692	0.01655	0.01306	0.01146	0.31389
WWAV	1.38085	0.12193	0.10049	0.06597	0.04037	0.03818	0.03691	0.02572	0.01809	0.01456	1.84307
XHR	0.00327	0.00327	0.00327	0.00327	0.00327	0.00327	0.00327	0.00013	0.00013	0.00013	0.02328
XONE	19.19049	9.62572	1.78361	1.75262	1.47027	0.10364	0.1033	0.07059	0.05854	0.04993	34.20871
XOOM	2.78778	0.19955	0.145	0.14165	0.04237	0.04019	0.03816	0.01997	0.01997	0.01414	3.44878
XPO	0.08574	0.07985	0.0797	0.07154	0.05418	0.03778	0.03652	0.01311	0.01193	0.01049	0.48084
YELP	5.98385	5.32825	0.5301	0.42333	0.39771	0.20596	0.13252	0.13154	0.10794	0.09991	13.34111
YHOO	7.5403	0.14334	0.08568	0.03427	0.02768	0.02284	0.00423	0.00337	0.00288	0.00235	7.86694
YNDX	10.81422	4.02128	0.43935	0.19344	0.13491	0.05021	0.04456	0.01569	0.00404	0.00094	15.71864
Z	6.79945	5.3019	1.05883	0.49704	0.34881	0.12401	0.08951	0.08946	0.04948	0.04514	14.40363
ZAYO	2.67184	0.76534	0.30764	0.18738	0.0445	0.03025	0.00752	0.00706	0.00595	0	4.02748
ZEN	4.02105	0.62349	0.23466	0.19903	0.15174	0.12246	0.10883	0.07179	0.06661	0.06529	5.66495
ZINC	0.29488	0.14718	0.1069	0.09278	0.08396	0.0436	0.00516	0	0	0	0.77446
ZLTQ	1.14817	0.17274	0.08431	0.03483	0.01212	0.00619	0.00581	0.00405	0.00132	0.00107	1.47061
ZOES	1.29426	0.61995	0.48477	0.21344	0.13916	0.09663	0.0909	0.05979	0.05752	0.04889	3.10531
	(Invalid Identifier)	(Invalid Identifier)	(Invalid Identifier)	(Invalid Identifier)	(Invalid Identifier)	(Invalid Identifier)	(Invalid Identifier)	(Invalid Identifier)	(Invalid Identifier)	(Invalid Identifier)	0
